(i,j)0 0
0 0 0 0 0 0 
0 0 0 0 0 0 
0 0 0 0 0 0 
0 0 0 0 0 0 
0 0 0 0 0 0 
0 0 0 0 0 0 
(i,j)2 0
0 0 0 0 0 0 
0 0 0 0 0 0 
0 0 0 0 0 0 
0 0 0 0 0 0 
0 0 0 0 0 0 
0 0 0 0 0 0 
(i,j)4 0
0 0 0 0 0 0 
0 0 0 0 0 0 
0 0 0 0 0 0 
0 0 0 0 0 0 
0 0 0 0 0 0 
0 0 0 0 0 0 
(i,j)6 0
0 0 0 0 0 0 
0 0 0 0 0 0 
0 0 0 0 0 0 
0 0 0 0 0 0 
0 0 0 0 0 0 
0 0 0 0 0 0 
(i,j)5 1
0 0 0 0 0 0 
0 0 0 0 0 0 
0 0 0 0 0 0 
0 0 0 0 0 0 
0 0 0 0 0 0 
0 0 0 0 0 0 
(i,j)5 3
0 0 0 0 0 0 
0 0 0 0 0 0 
0 0 0 0 0 0 
0 0 0 0 0 0 
0 0 0 0 0 0 
0 8 0 0 0 0 
(i,j)5 5
0 0 0 0 0 0 
0 0 0 0 0 0 
0 0 0 0 0 0 
0 0 0 0 0 0 
0 0 0 0 0 0 
0 8 0 4 0 0 
(i,j)5 0
0 0 0 0 0 0 
0 0 0 0 0 0 
0 0 0 0 0 0 
0 0 0 0 0 0 
0 0 0 0 0 0 
0 12 0 4 0 0 
(i,j)5 2
0 0 0 0 0 0 
0 0 0 0 0 0 
0 0 0 0 0 0 
0 0 0 0 0 0 
0 0 0 0 0 0 
2 12 0 4 0 0 
(i,j)5 4
0 0 0 0 0 0 
0 0 0 0 0 0 
0 0 0 0 0 0 
0 0 0 0 0 0 
0 0 0 0 0 0 
2 12 3 4 0 0 
(i,j)4 1
0 0 0 0 0 0 
0 0 0 0 0 0 
0 0 0 0 0 0 
0 0 0 0 0 0 
0 0 0 0 0 0 
10 12 8 4 5 0 
(i,j)6 1
0 0 0 0 0 0 
0 0 0 0 0 0 
0 0 0 0 0 0 
0 0 0 0 0 0 
0 0 0 0 0 0 
10 12 8 4 5 0 
(i,j)4 2
0 0 0 0 0 0 
0 0 0 0 0 0 
0 0 0 0 0 0 
0 0 0 0 0 0 
0 0 0 0 0 0 
10 12 8 4 5 0 
(i,j)6 2
0 0 0 0 0 0 
0 0 0 0 0 0 
0 0 0 0 0 0 
0 0 0 0 0 0 
0 0 0 0 0 0 
10 12 8 4 5 0 
(i,j)4 3
0 0 0 0 0 0 
0 0 0 0 0 0 
0 0 0 0 0 0 
0 0 0 0 0 0 
0 0 0 0 0 0 
10 12 8 4 5 0 
(i,j)6 3
0 0 0 0 0 0 
0 0 0 0 0 0 
0 0 0 0 0 0 
0 0 0 0 0 0 
0 0 0 0 0 0 
10 12 8 4 5 0 
(i,j)4 4
0 0 0 0 0 0 
0 0 0 0 0 0 
0 0 0 0 0 0 
0 0 0 0 0 0 
0 0 0 0 0 0 
10 12 8 4 5 0 
(i,j)3 1
0 0 0 0 0 0 
0 0 0 0 0 0 
0 0 0 0 0 0 
0 0 0 0 0 0 
14 10 7 7 5 0 
10 12 8 4 5 0 
(i,j)3 2
0 0 0 0 0 0 
0 0 0 0 0 0 
0 0 0 0 0 0 
0 0 0 0 0 0 
14 10 7 7 5 0 
10 12 8 4 5 0 
(i,j)3 3
0 0 0 0 0 0 
0 0 0 0 0 0 
0 0 0 0 0 0 
0 0 0 0 0 0 
14 10 7 7 5 0 
10 12 8 4 5 0 
(i,j)3 4
0 0 0 0 0 0 
0 0 0 0 0 0 
0 0 0 0 0 0 
0 0 0 0 0 0 
14 10 7 7 5 0 
10 12 8 4 5 0 
(i,j)4 5
0 0 0 0 0 0 
0 0 0 0 0 0 
0 0 0 0 0 0 
0 0 0 0 0 0 
14 10 7 7 5 0 
10 12 8 4 5 0 
(i,j)3 5
0 0 0 0 0 0 
0 0 0 0 0 0 
0 0 0 0 0 0 
0 0 0 0 0 0 
14 10 7 7 5 2 
10 12 8 4 5 0 
(i,j)5 5
0 0 0 0 0 0 
0 0 0 0 0 0 
0 0 0 0 0 0 
0 0 0 0 0 4 
14 10 7 7 5 2 
10 12 8 4 5 0 
(i,j)3 0
0 0 0 0 0 0 
0 0 0 0 0 0 
0 0 0 0 0 0 
0 16 11 8 7 4 
14 10 7 7 5 2 
10 12 8 4 5 0 
(i,j)2 1
0 0 0 0 0 0 
0 0 0 0 0 0 
0 0 0 0 0 0 
14 16 11 8 7 4 
14 10 7 7 5 2 
10 12 8 4 5 0 
(i,j)2 2
0 0 0 0 0 0 
0 0 0 0 0 0 
0 0 0 0 0 0 
14 16 11 8 7 4 
14 10 7 7 5 2 
10 12 8 4 5 0 
(i,j)2 3
0 0 0 0 0 0 
0 0 0 0 0 0 
0 0 0 0 0 0 
14 16 11 8 7 4 
14 10 7 7 5 2 
10 12 8 4 5 0 
(i,j)2 4
0 0 0 0 0 0 
0 0 0 0 0 0 
0 0 0 0 0 0 
14 16 11 8 7 4 
14 10 7 7 5 2 
10 12 8 4 5 0 
(i,j)2 5
0 0 0 0 0 0 
0 0 0 0 0 0 
0 0 0 0 0 0 
14 16 11 8 7 4 
14 10 7 7 5 2 
10 12 8 4 5 0 
(i,j)1 1
0 0 0 0 0 0 
0 0 0 0 0 0 
19 19 12 12 9 7 
14 16 11 8 7 4 
14 10 7 7 5 2 
10 12 8 4 5 0 
(i,j)1 2
0 0 0 0 0 0 
0 0 0 0 0 0 
19 19 12 12 9 7 
14 16 11 8 7 4 
14 10 7 7 5 2 
10 12 8 4 5 0 
(i,j)1 3
0 0 0 0 0 0 
0 0 0 0 0 0 
19 19 12 12 9 7 
14 16 11 8 7 4 
14 10 7 7 5 2 
10 12 8 4 5 0 
(i,j)1 4
0 0 0 0 0 0 
0 0 0 0 0 0 
19 19 12 12 9 7 
14 16 11 8 7 4 
14 10 7 7 5 2 
10 12 8 4 5 0 
(i,j)1 5
0 0 0 0 0 0 
0 0 0 0 0 0 
19 19 12 12 9 7 
14 16 11 8 7 4 
14 10 7 7 5 2 
10 12 8 4 5 0 
(i,j)1 0
0 0 0 0 0 0 
0 20 15 12 12 8 
19 19 12 12 9 7 
14 16 11 8 7 4 
14 10 7 7 5 2 
10 12 8 4 5 0 
(i,j)0 1
0 0 0 0 0 0 
18 20 15 12 12 8 
19 19 12 12 9 7 
14 16 11 8 7 4 
14 10 7 7 5 2 
10 12 8 4 5 0 
(i,j)0 2
0 0 0 0 0 0 
18 20 15 12 12 8 
19 19 12 12 9 7 
14 16 11 8 7 4 
14 10 7 7 5 2 
10 12 8 4 5 0 
(i,j)0 3
0 0 0 0 0 0 
18 20 15 12 12 8 
19 19 12 12 9 7 
14 16 11 8 7 4 
14 10 7 7 5 2 
10 12 8 4 5 0 
(i,j)0 4
0 0 0 0 0 0 
18 20 15 12 12 8 
19 19 12 12 9 7 
14 16 11 8 7 4 
14 10 7 7 5 2 
10 12 8 4 5 0 
(i,j)0 5
0 0 0 0 0 0 
18 20 15 12 12 8 
19 19 12 12 9 7 
14 16 11 8 7 4 
14 10 7 7 5 2 
10 12 8 4 5 0 
2 1 2 1 2 
1 2 3 1 2 
1 2 1 1 3 
1 1 1 1 2 
3 1 2 1 2 
22
